[gd_scene format=3 uid="uid://idgpc45wsnfy"]

[ext_resource type="Script" uid="uid://gerc0c4hgy3k" path="res://Player/character_base.gd" id="1_tjx4p"]
[ext_resource type="Script" uid="uid://cvhnbom04qut6" path="res://Player/StateMachineBase/state_machine.gd" id="3_10x12"]
[ext_resource type="Script" uid="uid://plks0b8fffsu" path="res://Player/StateMachineBase/idle_state.gd" id="4_gxcfu"]
[ext_resource type="Script" uid="uid://xf507kbt3wyo" path="res://Player/StateMachineBase/run_state.gd" id="5_gxcfu"]
[ext_resource type="Script" uid="uid://iv1h4rr8h8fj" path="res://Player/StateMachineBase/dash_left_state.gd" id="6_jur0o"]
[ext_resource type="AnimationLibrary" uid="uid://bp0h5kb0ityl3" path="res://Resources/player_animations.res" id="6_xcxll"]
[ext_resource type="Script" uid="uid://dswyjpcksy7bn" path="res://Player/StateMachineBase/dash_right_state.gd" id="7_5xxrg"]
[ext_resource type="Script" uid="uid://cnsyk6dcqgcnl" path="res://Player/StateMachineBase/jump_start_state.gd" id="8_1abxf"]
[ext_resource type="Script" uid="uid://b8j8tgvnefg3y" path="res://Player/StateMachineBase/jump_idle_state.gd" id="9_c3pyg"]
[ext_resource type="Script" uid="uid://dg4cvqaffwibd" path="res://Player/StateMachineBase/jump_land_state.gd" id="10_ms6hs"]
[ext_resource type="Script" uid="uid://bg35dgoor5urb" path="res://Player/StateMachineBase/sit_down_state.gd" id="11_b7q2a"]
[ext_resource type="Script" uid="uid://l5ys6eqgmc08" path="res://Player/StateMachineBase/sit_idle_state.gd" id="12_nrw4a"]
[ext_resource type="Script" uid="uid://bngdw5dkjicfq" path="res://Player/StateMachineBase/sit_up_state.gd" id="13_nwp1g"]

[sub_resource type="CapsuleShape3D" id="CapsuleShape3D_3m2yq"]

[node name="CharacterBase" type="CharacterBody3D" unique_id=437658251]
script = ExtResource("1_tjx4p")

[node name="Rig_Medium" type="Node3D" parent="." unique_id=1654820303]
transform = Transform3D(-1, 0, -8.742278e-08, 0, 1, 0, 8.742278e-08, 0, -1, 0, 0, 0)

[node name="Skeleton3D" type="Skeleton3D" parent="Rig_Medium" unique_id=213799451]
bones/0/name = "root"
bones/0/parent = -1
bones/0/rest = Transform3D(1, 0, 2.3841855e-07, 0, 1, 0, -2.3841855e-07, 0, 1, 0, 0, 0)
bones/0/enabled = true
bones/0/position = Vector3(0, 0, 0)
bones/0/rotation = Quaternion(-2.1855692e-08, 1.19209275e-07, -2.6054013e-15, 1)
bones/0/scale = Vector3(1, 1, 1)
bones/1/name = "hips"
bones/1/parent = 0
bones/1/rest = Transform3D(1, 0, -2.3841855e-07, 0, 1, 0, 2.3841855e-07, 0, 1, 0, 0.40566343, 0)
bones/1/enabled = true
bones/1/position = Vector3(-2.3665827e-30, 0.39206383, 0)
bones/1/rotation = Quaternion(-1.1112795e-10, 0.043157753, 2.5724098e-09, 0.99906826)
bones/1/scale = Vector3(0.99999994, 1, 0.99999994)
bones/2/name = "spine"
bones/2/parent = 1
bones/2/rest = Transform3D(1, 0, 1.4210855e-14, 0, 1, 0, -1.4210855e-14, 0, 1, 0, 0.1919775, 0)
bones/2/enabled = true
bones/2/position = Vector3(0, 0.19197753, 1.8596236e-15)
bones/2/rotation = Quaternion(5.349887e-15, 0, -2.4980015e-16, 1)
bones/2/scale = Vector3(1, 1, 1)
bones/3/name = "chest"
bones/3/parent = 2
bones/3/rest = Transform3D(1, 0, -1.6940659e-21, 0, 0.99999994, 0, 1.6940659e-21, 0, 1, 0, 0.37498796, 0)
bones/3/enabled = true
bones/3/position = Vector3(3.330669e-16, 0.37498796, -4.843348e-15)
bones/3/rotation = Quaternion(6.9388877e-18, 0, -2.220446e-16, 1)
bones/3/scale = Vector3(1, 0.99999994, 1)
bones/4/name = "upperarm.l"
bones/4/parent = 3
bones/4/rest = Transform3D(0.057284202, 0.9983573, -4.5386042e-07, -3.8742996e-07, 4.768369e-07, 0.99999976, 0.9983573, -0.057284202, 4.1410917e-07, 0.21200737, 0.13413215, 8.402462e-08)
bones/4/enabled = true
bones/4/position = Vector3(0.21200734, 0.13413203, 8.330719e-08)
bones/4/rotation = Quaternion(-0.5599063, -0.06088023, -0.64397454, 0.51777923)
bones/4/scale = Vector3(0.99999934, 0.99999875, 0.99999964)
bones/5/name = "lowerarm.l"
bones/5/parent = 4
bones/5/rest = Transform3D(0.99388725, 0.11040192, -1.2453701e-07, -0.110401966, 0.9938869, 3.9025445e-09, 1.2420661e-07, 9.87044e-09, 0.99999994, -3.2196643e-09, 0.2418973, -1.1940561e-07)
bones/5/enabled = true
bones/5/position = Vector3(2.9802322e-08, 0.24189737, -1.1175871e-07)
bones/5/rotation = Quaternion(-6.4299117e-09, -2.7862958e-08, -0.49471927, 0.86905295)
bones/5/scale = Vector3(1.0000005, 0.99999946, 0.99999994)
bones/6/name = "wrist.l"
bones/6/parent = 5
bones/6/rest = Transform3D(0.99857867, -0.053297248, -6.125374e-10, 0.053297248, 0.99857867, -1.1874038e-10, 6.179954e-10, 8.5925066e-11, 0.99999994, 7.426282e-09, 0.26004383, 6.127964e-11)
bones/6/enabled = true
bones/6/position = Vector3(-3.3527613e-08, 0.26004395, -1.490116e-08)
bones/6/rotation = Quaternion(-1.6769773e-08, -1.8633086e-09, 0.026658105, 0.99964464)
bones/6/scale = Vector3(0.9999999, 0.99999994, 0.99999994)
bones/7/name = "hand.l"
bones/7/parent = 6
bones/7/rest = Transform3D(1, 1.091039e-05, 2.7178578e-07, -1.0910391e-05, 0.99999994, -2.40181e-09, -2.7178584e-07, 2.398845e-09, 0.99999994, 9.054979e-13, 0.073825836, -2.220446e-16)
bones/7/enabled = true
bones/7/position = Vector3(-5.5879354e-09, 0.07382588, 9.313226e-08)
bones/7/rotation = Quaternion(-0.32106534, -0.32531863, 0.14572589, 0.8774103)
bones/7/scale = Vector3(0.9999999, 0.99999964, 1.0000002)
bones/8/name = "handslot.l"
bones/8/parent = 7
bones/8/rest = Transform3D(-1.1920929e-07, 1, -3.4461551e-16, -0.99999994, -1.192093e-07, -4.753489e-09, -4.753489e-09, -2.2204463e-16, 0.99999994, 5.1389204e-10, 0.09612507, -0.057500124)
bones/8/enabled = true
bones/8/position = Vector3(6.880967e-09, 0.096125074, -0.05750008)
bones/8/rotation = Quaternion(-1.9392811e-08, 2.275404e-08, -0.7071068, 0.7071067)
bones/8/scale = Vector3(1, 1, 1)
bones/9/name = "head"
bones/9/parent = 3
bones/9/rest = Transform3D(1, 0, 8.4703295e-22, 0, 1, 0, -8.4703295e-22, 0, 1, 0, 0.26879656, 0)
bones/9/enabled = true
bones/9/position = Vector3(-3.330669e-16, 0.26879644, -5.8009153e-15)
bones/9/rotation = Quaternion(-5.8065386e-11, -0.031341746, -1.8801252e-09, 0.99950874)
bones/9/scale = Vector3(1, 1, 1)
bones/10/name = "upperarm.r"
bones/10/parent = 3
bones/10/rest = Transform3D(0.05728419, -0.99835724, 4.4361707e-07, 5.6624367e-07, 4.7683673e-07, 0.99999976, -0.99835724, -0.05728419, 5.9262936e-07, -0.21200737, 0.13413215, 8.402462e-08)
bones/10/enabled = true
bones/10/position = Vector3(-0.21200736, 0.13413203, 8.889513e-08)
bones/10/rotation = Quaternion(-0.61824405, 0.08072872, 0.61801153, 0.47887266)
bones/10/scale = Vector3(0.9999992, 0.99999857, 0.9999996)
bones/11/name = "lowerarm.r"
bones/11/parent = 10
bones/11/rest = Transform3D(0.99388725, -0.11040192, 1.2453701e-07, 0.110401966, 0.9938869, 3.9025445e-09, -1.2420661e-07, 9.87044e-09, 0.99999994, -7.1219225e-11, 0.24189733, -1.1940561e-07)
bones/11/enabled = true
bones/11/position = Vector3(-2.6077032e-08, 0.24189737, -8.940697e-08)
bones/11/rotation = Quaternion(-1.3064816e-08, 5.6614187e-08, 0.5179393, 0.85541743)
bones/11/scale = Vector3(1.0000008, 0.99999976, 1)
bones/12/name = "wrist.r"
bones/12/parent = 11
bones/12/rest = Transform3D(0.99857867, 0.053297248, 6.1252675e-10, -0.053297248, 0.99857867, -1.1873953e-10, -6.1798466e-10, 8.592478e-11, 0.99999994, -7.426282e-09, 0.26004383, 6.127964e-11)
bones/12/enabled = true
bones/12/position = Vector3(-1.1175871e-08, 0.26004392, 4.4703484e-08)
bones/12/rotation = Quaternion(-3.7266155e-09, -3.7266146e-09, -0.02665808, 0.99964464)
bones/12/scale = Vector3(0.99999994, 1.0000001, 1.0000001)
bones/13/name = "hand.r"
bones/13/parent = 12
bones/13/rest = Transform3D(1, -1.091039e-05, -1.8421935e-07, 1.0910391e-05, 0.99999994, -2.4008373e-09, 1.8421939e-07, 2.3988274e-09, 0.99999994, 3.996803e-15, 0.073825836, -2.220446e-16)
bones/13/enabled = true
bones/13/position = Vector3(7.450581e-09, 0.07382586, 1.1175871e-08)
bones/13/rotation = Quaternion(-0.31929123, 0.30052418, -0.22734974, 0.86951166)
bones/13/scale = Vector3(0.9999997, 0.99999994, 1.0000002)
bones/14/name = "handslot.r"
bones/14/parent = 13
bones/14/rest = Transform3D(-1.1920929e-07, -1, 3.4460874e-16, 0.99999994, -1.192093e-07, -4.7534323e-09, 4.7534323e-09, -2.2204463e-16, 0.99999994, -5.1389204e-10, 0.09612507, -0.057500124)
bones/14/enabled = true
bones/14/position = Vector3(1.2813075e-08, 0.096125126, -0.057500053)
bones/14/rotation = Quaternion(-8.8561185e-09, -1.2217315e-08, 0.7071068, 0.7071067)
bones/14/scale = Vector3(1, 1, 1)
bones/15/name = "upperleg.l"
bones/15/parent = 1
bones/15/rest = Transform3D(1, -1.4221531e-07, -2.6560238e-08, -1.4305222e-07, -0.9993962, -0.034741182, -2.160345e-08, 0.034741133, -0.9993976, 0.17094506, 0.11358726, 1.3923272e-08)
bones/15/enabled = true
bones/15/position = Vector3(0.17094505, 0.11358729, 1.1826271e-08)
bones/15/rotation = Quaternion(0.9937152, 0.08371454, 0.073503815, 0.010918884)
bones/15/scale = Vector3(0.99999994, 0.99999976, 1.000001)
bones/16/name = "lowerleg.l"
bones/16/parent = 15
bones/16/rest = Transform3D(1, 1.61291e-07, 1.2085519e-07, -1.3212053e-07, 0.9774329, -0.21124826, -1.522002e-07, 0.21124834, 0.97743255, 3.5797574e-09, 0.2270775, -6.140325e-09)
bones/16/enabled = true
bones/16/position = Vector3(4.1851308e-08, 0.22707753, -2.3283064e-09)
bones/16/rotation = Quaternion(0.19560304, 6.306383e-08, -1.3351729e-07, 0.9806832)
bones/16/scale = Vector3(1.0000001, 0.99999964, 0.99999964)
bones/17/name = "foot.l"
bones/17/parent = 16
bones/17/rest = Transform3D(1, 4.6432284e-08, 6.012426e-08, -7.592727e-08, 0.5855154, 0.8106606, 2.437142e-09, -0.81066227, 0.5855142, 1.8339347e-10, 0.14943703, 9.658738e-10)
bones/17/enabled = true
bones/17/position = Vector3(5.052425e-08, 0.14943698, 1.7345883e-08)
bones/17/rotation = Quaternion(-0.51756424, -0.20949677, 0.04365496, 0.82845193)
bones/17/scale = Vector3(0.9999998, 1.0000005, 0.9999993)
bones/18/name = "toes.l"
bones/18/parent = 17
bones/18/rest = Transform3D(-1, 1.332896e-07, 6.9433895e-08, 4.2534122e-08, 0.6941041, -0.7198751, -1.4414616e-07, -0.71987, -0.694109, -1.5114397e-08, 0.16565003, 5.171392e-09)
bones/18/enabled = true
bones/18/position = Vector3(1.1889824e-08, 0.16565007, -3.7252903e-09)
bones/18/rotation = Quaternion(0.00011186125, 0.9202578, -0.39131278, -2.5137775e-05)
bones/18/scale = Vector3(0.9999999, 0.9999989, 1.0000018)
bones/19/name = "upperleg.r"
bones/19/parent = 1
bones/19/rest = Transform3D(1, 1.496114e-07, -6.08626e-08, 1.4740667e-07, -0.9993962, -0.034741182, -6.6023446e-08, 0.034741133, -0.9993976, -0.17094506, 0.11358726, 1.3923272e-08)
bones/19/enabled = true
bones/19/position = Vector3(-0.17094505, 0.11358729, 1.7414205e-08)
bones/19/rotation = Quaternion(0.9973222, -0.029457362, 0.03152927, 0.059048567)
bones/19/scale = Vector3(0.9999999, 0.99999976, 1.000001)
bones/20/name = "lowerleg.r"
bones/20/parent = 19
bones/20/rest = Transform3D(1, -1.61291e-07, -1.2085522e-07, 1.3212053e-07, 0.9774329, -0.21124826, 1.5220023e-07, 0.21124834, 0.97743255, -3.5797574e-09, 0.2270775, -6.140325e-09)
bones/20/enabled = true
bones/20/position = Vector3(9.895302e-10, 0.22707741, -5.5879354e-09)
bones/20/rotation = Quaternion(0.27400866, -6.330819e-08, 1.8998514e-07, 0.9617273)
bones/20/scale = Vector3(1, 0.9999998, 0.9999999)
bones/21/name = "foot.r"
bones/21/parent = 20
bones/21/rest = Transform3D(1, -1.5513058e-07, 2.935212e-07, -1.4711547e-07, 0.5855154, 0.8106606, -2.9761958e-07, -0.81066227, 0.5855142, -1.8339222e-10, 0.14943703, 9.658786e-10)
bones/21/enabled = true
bones/21/position = Vector3(2.9918738e-08, 0.14943703, -8.614734e-09)
bones/21/rotation = Quaternion(-0.55903965, 0.11451283, -0.008627577, 0.8211498)
bones/21/scale = Vector3(0.99999994, 1.0000006, 0.99999946)
bones/22/name = "toes.r"
bones/22/parent = 21
bones/22/rest = Transform3D(-1, 8.95137e-08, 1.0213958e-07, -1.1394949e-08, 0.6941041, -0.7198751, -1.3533413e-07, -0.71987, -0.694109, 2.1323326e-10, 0.16565003, 5.1714e-09)
bones/22/enabled = true
bones/22/position = Vector3(2.3555913e-09, 0.16565007, -5.5879354e-09)
bones/22/rotation = Quaternion(-8.93078e-05, 0.9202216, -0.39139786, 2.0186917e-05)
bones/22/scale = Vector3(1, 0.9999997, 1.0000018)

[node name="AnimationPlayer" type="AnimationPlayer" parent="." unique_id=352640482]
libraries/player_animations = ExtResource("6_xcxll")
autoplay = &"player_animations/Idle_B"

[node name="CollisionShape3D" type="CollisionShape3D" parent="." unique_id=453973524]
transform = Transform3D(1, 0, 0, 0, 1, 0, 0, 0, 1, 0, 1, 0)
shape = SubResource("CapsuleShape3D_3m2yq")

[node name="StateMachine" type="Node" parent="." unique_id=152021031 node_paths=PackedStringArray("initial_state", "animation_player", "character_base")]
script = ExtResource("3_10x12")
initial_state = NodePath("Idle")
animation_player = NodePath("../AnimationPlayer")
character_base = NodePath("..")

[node name="Idle" type="Node" parent="StateMachine" unique_id=122528139 node_paths=PackedStringArray("run_state")]
script = ExtResource("4_gxcfu")
run_state = NodePath("../Run")

[node name="Run" type="Node" parent="StateMachine" unique_id=542133267]
script = ExtResource("5_gxcfu")

[node name="DashLeft" type="Node" parent="StateMachine" unique_id=2117233332]
script = ExtResource("6_jur0o")

[node name="DashRight" type="Node" parent="StateMachine" unique_id=505964140]
script = ExtResource("7_5xxrg")

[node name="JumpStart" type="Node" parent="StateMachine" unique_id=979872899]
script = ExtResource("8_1abxf")

[node name="JumpIdle" type="Node" parent="StateMachine" unique_id=1640733172]
script = ExtResource("9_c3pyg")

[node name="JumpLand" type="Node" parent="StateMachine" unique_id=1731052616]
script = ExtResource("10_ms6hs")

[node name="SitDown" type="Node" parent="StateMachine" unique_id=2011469109]
script = ExtResource("11_b7q2a")

[node name="SitIdle" type="Node" parent="StateMachine" unique_id=553453632]
script = ExtResource("12_nrw4a")

[node name="SitUp" type="Node" parent="StateMachine" unique_id=511511057]
script = ExtResource("13_nwp1g")
